Age,Sex,BP,Cholesterol,Na_to_K,Drug
23,0,0,0,25.355,0
47,1,1,0,13.093,1
47,1,1,0,10.114,1
28,0,2,0,7.798,2
61,0,1,0,18.043,0
22,0,2,0,8.607,2
49,0,2,0,16.275,0
41,1,1,0,11.037,1
60,1,2,0,15.171,0
43,1,1,1,19.368,0
47,0,1,0,11.767,1
34,0,0,1,19.199,0
43,1,1,0,15.376,0
74,0,1,0,20.942,0
50,0,2,0,12.703,2
16,0,0,1,15.516,0
69,1,1,1,11.455,2
43,1,0,0,13.972,3
23,1,1,0,7.298,1
32,0,0,1,25.974,0
57,1,1,1,19.128,0
63,1,2,0,25.917,0
47,1,1,1,30.568,0
48,0,1,0,15.036,0
33,0,1,0,33.486,0
28,0,0,1,18.809,0
31,1,0,0,30.366,0
49,0,2,1,9.381,2
39,0,1,1,22.697,0
45,1,1,0,17.951,0
18,0,2,1,8.75,2
74,1,0,0,9.567,4
49,1,1,1,11.014,2
65,0,0,1,31.876,0
53,1,2,0,14.133,2
46,1,2,1,7.285,2
32,1,0,1,9.445,3
39,1,1,1,13.938,2
39,0,2,1,9.709,2
15,1,2,0,9.084,2
73,0,2,0,19.221,0
58,0,0,1,14.239,4
50,1,2,1,15.79,0
23,1,2,0,12.26,2
50,0,2,1,12.295,2
66,0,2,1,8.107,2
37,0,0,0,13.091,3
68,1,1,0,10.291,1
23,1,2,0,31.686,0
28,0,1,0,19.796,0
58,0,0,0,19.416,0
67,1,2,1,10.898,2
62,1,1,1,27.183,0
24,0,0,1,18.457,0
68,0,0,1,10.189,4
26,0,1,0,14.16,1
65,1,0,1,11.34,4
40,1,0,0,27.826,0
60,1,2,1,10.091,2
34,1,0,0,18.703,0
38,0,1,1,29.875,0
24,1,0,1,9.475,3
67,1,1,1,20.693,0
45,1,1,1,8.37,2
60,0,0,0,13.303,4
68,0,2,1,27.05,0
29,1,0,0,12.856,3
17,1,2,1,10.832,2
54,1,2,0,24.658,0
18,0,0,1,24.276,0
70,1,0,0,13.967,4
28,0,2,0,19.675,0
24,0,2,0,10.605,2
41,0,2,1,22.905,0
31,1,0,1,17.069,0
26,1,1,1,20.909,0
36,0,0,0,11.198,3
26,0,0,1,19.161,0
19,0,0,0,13.313,3
32,0,1,1,10.84,2
60,1,0,0,13.934,4
64,1,2,0,7.761,2
32,0,1,0,9.712,1
38,0,0,1,11.326,3
47,0,1,0,10.067,1
59,1,0,0,13.935,4
51,0,2,0,13.597,2
69,1,1,0,15.478,0
37,0,0,1,23.091,0
50,0,2,1,17.211,0
62,1,2,0,16.594,0
41,1,0,1,15.156,0
29,0,0,0,29.45,0
42,0,1,1,29.271,0
56,1,1,0,15.015,0
36,1,1,1,11.424,2
58,0,1,0,38.247,0
56,0,0,0,25.395,0
20,1,0,1,35.639,0
15,0,0,1,16.725,0
31,1,0,1,11.871,3
45,0,0,0,12.854,3
28,0,1,0,13.127,1
56,1,2,0,8.966,2
22,1,0,1,28.294,0
37,1,1,1,8.968,2
22,1,2,0,11.953,2
42,1,1,0,20.013,0
72,1,0,1,9.677,4
23,1,2,0,16.85,0
50,1,0,0,7.49,3
47,0,2,1,6.683,2
35,1,1,1,9.17,2
65,0,1,1,13.769,2
20,0,2,1,9.281,2
51,1,0,0,18.295,0
67,1,2,1,9.514,2
40,0,2,0,10.103,2
32,0,0,1,10.292,3
61,0,0,0,25.475,0
28,1,2,0,27.064,0
15,1,0,1,17.206,0
34,1,2,0,22.456,0
36,0,2,0,16.753,0
53,0,0,1,12.495,4
19,0,0,1,25.969,0
66,1,0,0,16.347,0
35,1,2,1,7.845,2
47,1,1,1,33.542,0
32,0,2,0,7.477,2
70,0,2,0,20.489,0
52,1,1,1,32.922,0
49,1,1,1,13.598,2
24,1,2,0,25.786,0
42,0,0,0,21.036,0
74,1,1,1,11.939,2
55,0,0,0,10.977,4
35,0,0,0,12.894,3
51,1,0,1,11.343,4
69,0,2,0,10.065,2
49,1,0,1,6.269,3
64,0,1,1,25.741,0
60,1,0,1,8.621,4
74,1,0,1,15.436,0
39,1,0,0,9.664,3
61,1,2,0,9.443,2
37,0,1,1,12.006,2
26,0,0,1,12.307,3
61,0,1,1,7.34,2
22,1,1,0,8.151,1
49,1,0,1,8.7,3
68,1,0,0,11.009,4
55,1,2,1,7.261,2
72,0,1,1,14.642,2
37,1,1,1,16.724,0
49,1,1,0,10.537,1
31,1,0,1,11.227,3
53,1,1,0,22.963,0
59,0,1,0,10.444,1
34,0,1,1,12.923,2
30,0,2,0,10.443,2
57,0,0,1,9.945,4
43,1,2,1,12.859,2
21,0,0,1,28.632,0
16,1,0,1,19.007,0
38,1,1,0,18.295,0
58,0,1,0,26.645,0
57,0,2,0,14.216,2
51,0,1,1,23.003,0
20,0,0,0,11.262,3
28,0,2,0,12.879,2
45,1,1,1,10.017,2
39,0,2,1,17.225,0
41,0,1,1,18.739,0
42,1,0,1,12.766,3
73,0,0,0,18.348,0
48,1,0,1,10.446,3
25,1,2,0,19.011,0
39,1,2,0,15.969,0
67,0,2,0,15.891,0
22,0,0,1,22.818,0
59,0,2,0,13.884,2
20,0,1,1,11.686,2
36,0,0,1,15.49,0
18,0,0,0,37.188,0
57,0,2,1,25.893,0
70,1,0,0,9.849,4
47,1,0,0,10.403,3
65,1,0,1,34.997,0
64,1,0,1,20.932,0
58,1,0,0,18.991,0
23,1,0,0,8.011,3
72,1,1,0,16.31,0
72,1,1,0,6.769,1
46,0,0,0,34.686,0
56,0,1,0,11.567,1
16,1,1,0,12.006,1
52,1,2,0,9.894,2
23,1,2,1,14.02,2
40,0,1,1,11.349,2
